add vertex time = 2.1802179999999995 milliseconds
add edge time = 4155.379018999959 milliseconds
remove vertex time = 62.847337 milliseconds
remove edge time = 0.7893440000000002 milliseconds
shortest path time = 387.02833899999996 milliseconds
show neighbour time = 4.380927999999999 milliseconds
show vertex time = 1.161469 milliseconds
show edge time = 345.02480099999997 milliseconds
781 146 201 463 352 74 283 490 763 734 140 993 580 128 208 87 |	B C D
168 501 926 251 491 950 20 626 375 47 790 557 459 798 460 947 |	A D G
934 256 772 453 251 383 801 881 878 125 154 860 18 123 608 66 |	D A B G
524 189 714 832 333 846 254 861 28 738 332 656 937 374 804 71 |	C B E
879 862 891 316 25 810 7 186 310 567 837 781 898 874 595 963  /	F
959 22 885 735 818 75 851 339 666 751 170 453 65 167 437 364  <
18 287 558 934 676 590 466 946 345 779 651 949 204 588 846 26 <
402 530 828 807 78 521 899 644 462 641 406 695 548 386 779 88 <
646 821 809 948 221 937 931 104 121 957 932 270 126 73 203 12 <
957 681 372 817 283 963 420 282 431 47 226 675 646 386 722 30 <
233 389 617 625 368 55 833 121 27 690 812 37 464 806 827 934  <
828 654 583 835 402 178 574 850 589 27 8 185 937 349 123 657  <
367 658 892 423 295 92 481 287 634 446 464 750 743 128 780 46 <
634 114 765 984 949 992 722 461 988 854 810 604 314 816 770 3 <
908 399 203 861 921 70 661 465 347 477 611 349 690 241 254 47 <
178 31 81 944 878 828 633 307 696 951 514 495 311 936 881 249 <
464 283 510 311 571 495 412 798 334 303 762 862 460 310 367 2 <
88 919 270 626 389 310 74 208 14 812 575 417 252 384 231 926  <
820 209 476 307 59 193 724 499 548 820 390 667 204 314 567 18 <
375 9 793 736 55 293 168 77 51 72 953 339 406 709 28 82 171 8 <
65 736 988 221 209 559 352 795 202 743 37 171 959 303 861 446 <
792 684 102 396 248 9 98 424 265 584 189 354 22 27 457 235 82 <
696 838 128 535 174 352 46 172 178 741 151 993 383 413 134 75 <
568 618 432 743 453 674 270 772 146 683 724 482 43 283 294 87 <
651 257 279 994 725 172 270 846 37 180 647 535 18 486 302 824 <
javac -cp .:jopt-simple-5.0.2.jar:sample.jar *.java


Testing: java -cp .:jopt-simple-5.0.2.jar:sample.jar GraphTester adjlist test4-adjlist.vert.out test4-adjlist.edge.out test4-adjlist.neigh.out test4-adjlist.dist.out
SUMMARY: GraphTester has passed 0 out of 1 tests.
PASSED: 

